% WAG case

begin RunSpec

	EndTime		0.5
	TimeUnit	Days

	ReportEvery	0.05

end

%--------------------------------------------------------------------

begin InitialValues

	DatumDepth		0
	DatumPressure	2.97E+07	% Pascal
	Temperature		500			% Kelvin

	% Initial composition (normalized)	
	H2O	0.8999	% water
	C1	0.0001	% gas
	C10	0.1		% oil

end

%--------------------------------------------------------------------

begin Components

	begin H2O
		% defaults
	end

	begin C1
		% defaults
	end

	begin C10
		% defaults
	end

end

%--------------------------------------------------------------------

begin EquationOfState

	type CubicEquationOfState

	% Include water tables
	include water

end

%--------------------------------------------------------------------

begin RockFluid
	begin Sandstone

		type ThreePhaseTabularRockFluid

		begin kro
			type		EvenLookupTable
			dimension	2

			xMin 0
			yMin 0
			xMax 1
			yMax 1
			nx 8
			ny 8

			array data
				0.0000 0.1908 0.2901 0.3896 0.4989 0.6085 0.6893 0.6534 
				0.1689 0.0797 0.1997 0.3505 0.5287 0.7322 0.9433 0.7161 
				0.2098 0.1037 0.2517 0.4300 0.6336 0.8339 0.7001 0.6502 
				0.2266 0.1235 0.2933 0.4947 0.7119 0.6078 0.6006 0.5789 
				0.2365 0.1410 0.3309 0.5507 0.5050 0.5238 0.5298 0.5270 
				0.2427 0.1638 0.3761 0.3991 0.4403 0.4664 0.4820 0.4883 
				0.2498 0.1928 0.3022 0.3617 0.4024 0.4307 0.4491 0.4596 
				0.2734 0.2654 0.3051 0.3498 0.3836 0.4088 0.4267 0.4385 
			end
		end

		begin krw
			type		EvenLookupTable
			dimension	2

			xMin 0
			yMin 0
			xMax 1
			yMax 1
			nx 8
			ny 8

			array data
				0.0000 0.1026 0.1192 0.1198 0.1165 0.1123 0.1130 0.1337 
				0.1247 0.0457 0.0459 0.0459 0.0459 0.0459 0.0566 0.1226 
				0.2002 0.1420 0.1439 0.1445 0.1445 0.1661 0.1433 0.1545 
				0.2844 0.2762 0.2801 0.2822 0.2881 0.2136 0.1947 0.1929 
				0.3814 0.4416 0.4464 0.4493 0.3082 0.2604 0.2356 0.2247 
				0.4802 0.6176 0.6239 0.4226 0.3441 0.2953 0.2668 0.2505 
				0.5536 0.8072 0.5418 0.4341 0.3632 0.3182 0.2890 0.2703 
				0.5145 0.5739 0.5003 0.4225 0.3685 0.3302 0.3032 0.2843 
			end
		end

		begin krg
			type		EvenLookupTable
			dimension	2

			xMin 0
			yMin 0
			xMax 1
			yMax 1
			nx 8
			ny 8

			array data
				0.0000 0.4697 0.5302 0.4639 0.3690 0.2680 0.1877 0.1995 
				0.4695 0.8746 0.7544 0.6036 0.4254 0.2219 0.0000 0.1525 
				0.5296 0.7543 0.6043 0.4255 0.2219 0.0000 0.1505 0.1850 
				0.4623 0.6004 0.4266 0.2231 0.0000 0.1724 0.1956 0.2159 
				0.3664 0.4174 0.2227 0.0000 0.1804 0.2068 0.2231 0.2342 
				0.2660 0.2186 0.0000 0.1721 0.2066 0.2268 0.2377 0.2456 
				0.1865 0.0000 0.1497 0.1951 0.2228 0.2375 0.2466 0.2531 
				0.1987 0.1518 0.1843 0.2154 0.2339 0.2454 0.2530 0.2587 
			end
		end

		begin pcow
			type		EvenLookupTable
			dimension	2

			xMin 0
			yMin 0
			xMax 1
			yMax 1
			nx 8
			ny 8

			array data
				 9.7567e+002  8.9612e+002  9.7125e+002  1.1491e+003  1.4818e+003  2.1966e+003  3.7597e+003  5.6945e+003 
				 8.5304e+002  4.8675e+002  5.5220e+002  6.1660e+002  7.0735e+002  8.9420e+002  5.7279e+003  4.2033e+003 
				 8.6477e+002  5.4465e+002  6.1379e+002  7.0768e+002  8.9266e+002  5.4101e+003  3.5031e+003  3.3528e+003 
				 9.2040e+002  6.0507e+002  7.0574e+002  8.9111e+002  4.3281e+003  2.8858e+003  2.8468e+003  2.7851e+003 
				 9.9325e+002  6.9846e+002  8.9266e+002  3.2461e+003  2.3364e+003  2.3746e+003  2.4062e+003  2.4343e+003 
				 1.0460e+003  8.8897e+002  2.1640e+003  1.8658e+003  1.9726e+003  2.0591e+003  2.1404e+003  2.1987e+003 
				 8.7925e+002  1.0820e+003  1.4149e+003  1.6164e+003  1.7563e+003  1.8720e+003  1.9648e+003  2.0340e+003 
				 0.0000e+000  8.9306e+002  1.2642e+003  1.4826e+003  1.6342e+003  1.7516e+003  1.8445e+003  1.9159e+003 
	 		end
		end

		begin pcgo
			type		EvenLookupTable
			dimension	2

			xMin 0
			yMin 0
			xMax 1
			yMax 1
			nx 8
			ny 8

			array data
				 0.0000e+000  1.2642e+002  1.4873e+002  1.4599e+002  1.4073e+002  1.3550e+002  1.3089e+002  1.3148e+002 
				 1.2714e+002  1.9489e+002  1.6925e+002  1.5381e+002  1.4280e+002  1.3434e+002  1.2004e+002  1.2896e+002 
				 1.5138e+002  1.7462e+002  1.5457e+002  1.4280e+002  1.3434e+002  1.2008e+002  1.2905e+002  1.3101e+002 
				 1.5050e+002  1.6251e+002  1.4532e+002  1.3502e+002  1.2014e+002  1.3066e+002  1.3194e+002  1.3304e+002 
				 1.4660e+002  1.5363e+002  1.3831e+002  1.2226e+002  1.3216e+002  1.3322e+002  1.3391e+002  1.3437e+002 
				 1.4202e+002  1.4420e+002  1.2573e+002  1.3371e+002  1.3448e+002  1.3494e+002  1.3513e+002  1.3530e+002 
				 1.3759e+002  1.2987e+002  1.3481e+002  1.3549e+002  1.3585e+002  1.3592e+002  1.3593e+002  1.3596e+002 
				 1.3721e+002  1.3543e+002  1.3609e+002  1.3650e+002  1.3657e+002  1.3653e+002  1.3647e+002  1.3643e+002 
	 		end
		end

	end
end

